30.44830083847046
26.39330506324768
23.203506469726562
20.966420888900757
19.44182014465332
18.63356328010559
18.250412702560425
17.91367197036743
17.7290358543396
17.661718606948853
17.500776767730713
17.208333492279053
16.93986225128174
16.850371599197388
16.55113673210144
16.405266523361206
16.22137188911438
15.954546928405762
15.71363615989685
15.4676673412323
15.26032829284668
15.0604727268219
14.908339738845825
14.55399751663208
14.401889324188232
14.230197191238403
13.942288637161255
13.754995822906494
13.567631721496582
13.349206566810608
13.112365007400513
12.90242874622345
12.790077090263367
12.52000093460083
12.358346819877625
12.123712539672852
11.92791199684143
11.776661276817322
11.575659275054932
11.373036980628967
11.241681933403015
11.029610633850098
10.901276707649231
10.727968454360962
10.513838648796082
10.389978647232056
10.226092100143433
10.124139070510864
9.96713900566101
9.846390008926392
9.729385614395142
9.5900377035141
9.535637617111206
9.355911493301392
9.25711214542389
9.107149600982666
9.028542160987854
8.841675519943237
8.805572390556335
8.69039762020111
