31.031912803649902
27.551403999328613
25.005300998687744
23.44637441635132
22.301392793655396
21.515652418136597
20.753697633743286
20.321577072143555
19.92516589164734
19.63814091682434
19.461125135421753
19.294758558273315
19.087337255477905
18.980876207351685
18.825188159942627
18.502652406692505
18.2964129447937
18.215113878250122
17.94230031967163
17.579618215560913
17.46968364715576
17.22118330001831
17.07596778869629
16.889644622802734
16.617926120758057
16.518091440200806
16.28296995162964
16.067283868789673
15.9650239944458
15.713378190994263
15.5563325881958
15.499502420425415
15.367164611816406
15.195614099502563
15.04043197631836
14.883759498596191
14.650188446044922
14.534073829650879
14.429758548736572
14.370020627975464
14.140062808990479
14.022332310676575
13.85962188243866
13.76047134399414
13.638609528541565
13.482897758483887
13.413405895233154
13.256858348846436
13.171443819999695
13.069057583808899
12.979314088821411
12.984823942184448
12.913742899894714
12.814992308616638
12.834074974060059
12.81014096736908
12.788119435310364
12.696031093597412
12.628105521202087
12.55262577533722
12.47236168384552
12.390275239944458
12.293307542800903
12.19123125076294
12.100048780441284
11.955570459365845
11.864873766899109
11.782743573188782
11.697648406028748
11.556060194969177
11.420691967010498
11.414018511772156
11.281145453453064
11.1253981590271
11.09043288230896
10.940312623977661
10.846785068511963
10.782818078994751
10.65825879573822
10.606853008270264
10.466979742050171
10.398167252540588
10.293871283531189
10.180187702178955
10.04622733592987
10.029860973358154
9.946142673492432
9.909087657928467
9.805156707763672
9.707044124603271
9.649770975112915
9.543156743049622
9.484397530555725
9.428980946540833
9.280790328979492
9.241803526878357
9.175730347633362
9.118831396102905
9.00579309463501
8.939476609230042
8.891514539718628
8.811686754226685
8.712939977645874
8.701640486717224
8.61498749256134
8.581426620483398
8.514527559280396
8.387929439544678
8.369158864021301
8.33764934539795
8.252631068229675
8.1979261636734
8.155978202819824
8.096219301223755
7.997635126113892
7.951154470443726
7.944161653518677
7.870170474052429
7.7892444133758545
7.776052117347717
7.72715699672699
7.6468915939331055
7.560319542884827
7.515955090522766
7.502116918563843
7.427052140235901
7.427049994468689
7.381748795509338
7.287462472915649
7.266348958015442
7.211496949195862
7.173780918121338
7.188191175460815
7.088312208652496
7.041406273841858
7.013748109340668
6.985802888870239
6.951546490192413
6.92279314994812
6.877046287059784
6.8473623394966125
6.80040055513382
6.839608609676361
6.706504940986633
6.707910656929016
6.712184429168701
6.655294179916382
6.6228461265563965
6.578299164772034
6.523569643497467
6.538940370082855
6.458706915378571
6.498005151748657
6.404418647289276
6.467290163040161
6.4233158230781555
6.373697102069855
6.372010111808777
6.341123104095459
6.265929043292999
6.240624129772186
6.238413453102112
6.195530712604523
6.193692743778229
6.115036606788635
6.11961954832077
6.12576425075531
6.102302432060242
6.099705815315247
6.082221984863281
6.008970558643341
6.0346115827560425
5.9836266040802
5.977143347263336
5.92853981256485
5.922909796237946
5.909159719944
5.94220370054245
5.876102685928345
5.872268617153168
5.817106485366821
5.873908340930939
5.816775262355804
5.839519679546356
5.772801756858826
5.727090835571289
5.752311885356903
5.758456230163574
5.747311174869537
5.754104137420654
5.728712260723114
5.691120982170105
5.710042715072632
5.699141442775726
5.659516632556915
5.682871997356415
5.613956809043884
5.5922757387161255
5.584617495536804
