31.975477695465088
29.26309823989868
27.03864884376526
25.364972591400146
23.977742671966553
22.80753445625305
21.878116130828857
21.05936574935913
20.322245836257935
19.596436738967896
18.931877851486206
18.353717803955078
17.766700506210327
17.280113458633423
16.8033549785614
16.425503492355347
16.0664803981781
15.697624921798706
15.390447616577148
15.066431045532227
14.753960371017456
14.482389211654663
14.207504987716675
13.904120087623596
13.67559003829956
13.412139177322388
13.157590746879578
12.913974046707153
12.68005096912384
12.468962788581848
12.222048163414001
12.004972457885742
11.828901290893555
11.592082738876343
11.374232530593872
11.186663508415222
11.003287553787231
10.758074045181274
10.599643588066101
10.443225741386414
10.228540420532227
10.06883156299591
9.891599774360657
9.694487810134888
9.529450416564941
9.400710344314575
9.169216394424438
9.038711547851562
8.869053840637207
8.697410225868225
8.560749411582947
8.37585985660553
8.232622385025024
8.063308119773865
7.911755323410034
7.750035047531128
7.576426267623901
7.462404251098633
7.285492539405823
7.157633662223816
6.968901753425598
6.839266777038574
6.677432954311371
6.5491989850997925
6.394766628742218
6.228342115879059
6.116826951503754
5.987207770347595
5.825237333774567
5.6847251653671265
