31.29146909713745
28.857144832611084
27.158191919326782
26.138776779174805
25.288768529891968
24.74721121788025
24.06740117073059
23.710904598236084
23.550976037979126
23.190370559692383
22.91487693786621
31.366665840148926
28.984673023223877
31.33872890472412
28.6554913520813
27.43126153945923
27.218604564666748
26.881627798080444
26.572073459625244
26.141778230667114
25.737521171569824
25.39204692840576
25.114180326461792
24.806777477264404
24.568739652633667
24.246551036834717
23.920848608016968
23.772589445114136
23.49257183074951
23.270437479019165
23.0454421043396
22.802018404006958
22.587090969085693
22.462570190429688
22.229597091674805
22.017189264297485
21.861830472946167
21.69869589805603
21.481096506118774
21.362209796905518
21.14314103126526
20.9891939163208
20.7094988822937
20.530589818954468
20.381784915924072
20.4038302898407
20.369811296463013
20.297013998031616
20.36347222328186
20.322019338607788
20.204548120498657
20.20644235610962
20.170432567596436
20.08876395225525
20.00609803199768
19.998773097991943
20.002265214920044
20.07180666923523
19.98003840446472
19.883697748184204
19.844836950302124
19.827797889709473
19.77819800376892
